2.170898437500000000e+00 0.000000000000000000e+00
2.170898437500000000e+00 1.083307811582687324e-01
2.228515625000000000e+00 2.166615623165374649e-01
2.286132812500000000e+00 3.249923434748061557e-01
2.401367187500000000e+00 4.333231246330749298e-01
2.516601562500000000e+00 5.416539057913436483e-01
2.689453125000000000e+00 6.499846869496123114e-01
2.919921875000000000e+00 7.583154681078810855e-01
3.150390625000000000e+00 8.666462492661498596e-01
3.611328125000000000e+00 9.749770304244186336e-01
4.072265625000000000e+00 1.083307811582687297e+00
4.763671875000000000e+00 1.191638592740955849e+00
5.570312500000000000e+00 1.299969373899224623e+00
6.492187500000000000e+00 1.408300155057493397e+00
7.183593750000000000e+00 1.516630936215762171e+00
7.183593750000000000e+00 1.624961717374030945e+00
6.492187500000000000e+00 1.733292498532299719e+00
5.570312500000000000e+00 1.841623279690568271e+00
4.763671875000000000e+00 1.949954060848837267e+00
4.072265625000000000e+00 2.058284842007105819e+00
3.611328125000000000e+00 2.166615623165374593e+00
3.150390625000000000e+00 2.274946404323643367e+00
2.919921875000000000e+00 2.383277185481911697e+00
2.689453125000000000e+00 2.491607966640180916e+00
2.516601562500000000e+00 2.599938747798449246e+00
2.401367187500000000e+00 2.708269528956718020e+00
2.286132812500000000e+00 2.816600310114986794e+00
2.228515625000000000e+00 2.924931091273255568e+00
2.170898437500000000e+00 3.033261872431524342e+00
2.170898437500000000e+00 3.141592653589793116e+00
