fermi_levels_dft = np.array([[-0.86, 9.020751953125], 
                             [-0.87, 8.8232421875], 
                             [-0.88, 8.550195312500001], 
                             [-0.89, 8.232421875],
                             [-0.9, 7.9638671875], 
                             [-0.91, 7.7119140625], 
                             [-0.92, 7.46826171875],
                             [-0.93, 7.08740234375], 
                             [-0.94, 6.8017578125], 
                             [-0.95, 6.771630859375], 
                             [-0.96, 6.499957275390624], 
                             [-0.97, 6.364331054687499],
                             [-0.98, 6.15185546875], 
                             [-0.99, 5.97890625], 
                             [-1, 5.855468749999999], ])
